0.000890	-0.009022	0.010200	0.001440	0.008114	-0.000783	-0.000468	-0.000095	0.004470	0.010190	-0.007732	-0.001264	-0.007406	-0.006575	-0.001085	-0.007144	0.003291	-0.011371	-0.005482	-0.008747	-0.004922	-0.004535	-0.007674	-0.001110	0.004129	-0.003144	-0.009189	0.011287	-0.011176	0.008809	-0.005085	0.017130	-0.013918	0.002956	-0.013112	0.017644	-0.017314	0.006618	-0.010451	0.024936	-0.018147	0.021424	-0.022612	0.023929	-0.022664	0.023797	-0.023674	0.029055	-0.032255	0.029563	-0.033475	0.024807	-0.029677	0.016465	-0.036111	0.034791	-0.035810	0.021666	-0.042830	0.033905	-0.046431	0.034028	-0.052563	0.028340	-0.045915	0.023808	-0.039698	0.020270	-0.033527	0.014984	-0.023409	0.011547	-0.027434	0.009935	-0.023555	0.011226	-0.027434	0.010039	-0.017432	0.006468	-0.020194	0.000458	-0.025945	0.001700	-0.020737	-0.003028	-0.014120	-0.006821	-0.010706	-0.012386	-0.003300	-0.014840	0.003263	-0.019517	0.003300	-0.019450	0.005629	-0.017713	-0.005362	-0.022696	-0.003024	-0.025067	0.010257	-0.016547	0.004345	-0.026616	0.010506	-0.023826	0.013462	-0.021656	0.014378	-0.027705	0.014772	-0.018535	0.016754	-0.025674	0.017712	-0.031340	0.019518	-0.021672	0.020553	-0.035004	0.022843	-0.027518	0.022822	-0.032392	0.025058	-0.035669	0.023638	-0.039594	0.025454	-0.041795	0.027650	-0.038909	0.029975	-0.042106	0.029763	-0.042213	0.032570	-0.035582	0.029610	-0.048769	0.034461	-0.042221	0.040366	-0.041253	0.036491	-0.051595	0.039183	-0.049712	0.026051	-0.055731	0.025934	-0.056130	0.040517	-0.051721	0.025658	-0.055965	0.031197	-0.057331	0.035176	-0.061221	0.040847	-0.057978	0.037340	-0.062365	0.032815	-0.067315	0.041113	-0.065567	0.037809	-0.075992	0.027102	-0.073177	0.024552	-0.069066	0.019968	-0.073688	0.015806	-0.076055	0.007980	-0.075718	0.011210	-0.067454	0.001964	-0.077144	-0.005758	-0.076254	-0.002101	-0.071638	-0.017222	-0.078350	-0.011986	-0.073959	-0.019428	-0.075589	-0.024813	-0.081525	-0.026058	-0.074598	-0.011325	-0.069629	-0.030722	-0.073852	-0.020850	-0.069454	-0.039232	-0.076522	-0.036694	-0.075104	
-0.009022	0.142188	-0.155750	-0.021514	-0.122796	0.012969	0.010927	0.002428	-0.066592	-0.158420	0.124675	0.020794	0.119503	0.104046	0.020613	0.112845	-0.047809	0.178601	0.089301	0.138263	0.080675	0.072145	0.123763	0.018377	-0.060935	0.050008	0.147488	-0.175583	0.178582	-0.136799	0.083244	-0.267063	0.221497	-0.045204	0.208872	-0.275112	0.274660	-0.102535	0.167225	-0.389254	0.287695	-0.334277	0.357572	-0.373477	0.358394	-0.371409	0.374204	-0.453723	0.508514	-0.461672	0.527614	-0.387227	0.468166	-0.256642	0.568877	-0.543498	0.564161	-0.338057	0.674034	-0.529634	0.730395	-0.531559	0.826389	-0.442520	0.722332	-0.371593	0.625010	-0.316217	0.528430	-0.233465	0.370045	-0.179674	0.433054	-0.154441	0.372332	-0.174659	0.433049	-0.156068	0.276500	-0.100189	0.319718	-0.006114	0.409746	-0.025550	0.328211	0.048437	0.224578	0.107685	0.171108	0.194623	0.055463	0.232933	-0.047049	0.305944	-0.047636	0.304900	-0.084030	0.277758	0.087691	0.355619	0.051200	0.392663	-0.156353	0.259523	-0.063924	0.416862	-0.160216	0.373301	-0.206405	0.339392	-0.220709	0.433882	-0.226869	0.290629	-0.257832	0.402161	-0.272803	0.490691	-0.301017	0.339633	-0.317200	0.547928	-0.352981	0.430973	-0.352653	0.507126	-0.387583	0.558317	-0.365399	0.619648	-0.393769	0.654034	-0.428089	0.608946	-0.464415	0.658904	-0.461102	0.660573	-0.504950	0.556968	-0.458706	0.763001	-0.534502	0.660689	-0.626762	0.645575	-0.566218	0.807165	-0.608277	0.777736	-0.403092	0.871775	-0.401274	0.878014	-0.629127	0.809126	-0.396954	0.875442	-0.483507	0.896776	-0.545678	0.957568	-0.634281	0.906885	-0.579485	0.975431	-0.508777	1.052771	-0.638429	1.025467	-0.586812	1.188353	-0.419522	1.144376	-0.379677	1.080138	-0.308051	1.152356	-0.243029	1.189338	-0.120742	1.184070	-0.171209	1.054943	-0.026757	1.206349	0.093899	1.192450	0.036771	1.120320	0.273025	1.225190	0.191219	1.156595	0.307494	1.182061	0.391635	1.274797	0.411082	1.166564	0.180885	1.088933	0.483959	1.154909	0.329703	1.086193	0.616915	1.196639	0.577265	1.174480	
0.010200	-0.155750	0.174597	0.023718	0.136138	-0.014152	-0.011668	-0.002225	0.073637	0.174957	-0.136829	-0.022429	-0.131112	-0.114021	-0.022369	-0.123643	0.052800	-0.195950	-0.097893	-0.151641	-0.088415	-0.078919	-0.135827	-0.019770	0.067356	-0.054549	-0.161931	0.193840	-0.196171	0.151146	-0.091210	0.294548	-0.243427	0.050288	-0.229528	0.303408	-0.301961	0.113389	-0.183675	0.429083	-0.316314	0.368552	-0.393250	0.411713	-0.394155	0.409437	-0.411564	0.500066	-0.559442	0.508818	-0.580473	0.426852	-0.515017	0.283079	-0.625904	0.598912	-0.620711	0.372714	-0.741685	0.583647	-0.803740	0.585767	-0.909432	0.487732	-0.794863	0.409638	-0.687708	0.348668	-0.581369	0.257559	-0.406988	0.198328	-0.476362	0.170550	-0.409506	0.192806	-0.476355	0.172341	-0.303985	0.110803	-0.351572	0.007222	-0.450705	0.028626	-0.360914	-0.052838	-0.246751	-0.117966	-0.187866	-0.213559	-0.060706	-0.255682	0.051977	-0.335935	0.052621	-0.334787	0.092627	-0.304952	-0.096136	-0.390539	-0.056023	-0.431259	0.172126	-0.284908	0.070526	-0.457859	0.176374	-0.409976	0.227146	-0.372701	0.242870	-0.476569	0.249641	-0.319099	0.283677	-0.441699	0.300134	-0.539015	0.331148	-0.372966	0.348936	-0.601932	0.388268	-0.473371	0.387908	-0.557082	0.426304	-0.613353	0.401919	-0.680770	0.433104	-0.718569	0.470830	-0.669006	0.510761	-0.723922	0.507119	-0.725756	0.555319	-0.611869	0.504486	-0.838349	0.587803	-0.725884	0.689219	-0.709270	0.622667	-0.886896	0.668899	-0.854546	0.443352	-0.957918	0.441354	-0.964776	0.691819	-0.889051	0.436605	-0.961948	0.531748	-0.985400	0.600088	-1.052225	0.697484	-0.996512	0.637251	-1.071860	0.559525	-1.156875	0.702044	-1.126862	0.645305	-1.305912	0.461413	-1.257572	0.417614	-1.186958	0.338880	-1.266344	0.267405	-1.306995	0.132982	-1.301205	0.188457	-1.159264	0.029670	-1.325695	-0.102960	-1.310416	-0.040162	-1.231128	-0.299862	-1.346405	-0.209938	-1.271003	-0.337751	-1.298996	-0.430243	-1.400936	-0.451620	-1.281962	-0.198578	-1.196626	-0.531729	-1.269150	-0.362164	-1.193615	-0.677880	-1.315021	-0.634295	-1.290663	
0.001440	-0.021514	0.023718	0.003731	0.018977	-0.001780	-0.001609	-0.000136	0.010273	0.024543	-0.019039	-0.002944	-0.018241	-0.015702	-0.003100	-0.017041	0.007371	-0.027113	-0.013616	-0.020939	-0.012297	-0.010809	-0.018900	-0.002573	0.009401	-0.007423	-0.022533	0.027174	-0.027302	0.021228	-0.012685	0.041198	-0.033883	0.007180	-0.031948	0.042432	-0.042035	0.015969	-0.025562	0.059934	-0.044034	0.051504	-0.054749	0.057515	-0.054875	0.057198	-0.057299	0.069820	-0.077894	0.071039	-0.080822	0.059624	-0.071707	0.039601	-0.087149	0.083586	-0.086426	0.052084	-0.103274	0.081460	-0.111916	0.081755	-0.126635	0.068102	-0.110680	0.057226	-0.095756	0.048735	-0.080947	0.036047	-0.056662	0.027798	-0.066323	0.023930	-0.057013	0.027029	-0.066322	0.024179	-0.042317	0.015608	-0.048945	0.001182	-0.062751	0.004164	-0.050246	-0.007182	-0.034346	-0.016252	-0.026145	-0.029565	-0.008436	-0.035431	0.007256	-0.046608	0.007346	-0.046448	0.012917	-0.042293	-0.013370	-0.054212	-0.007784	-0.059883	0.023988	-0.039502	0.009839	-0.063587	0.024580	-0.056919	0.031651	-0.051728	0.033840	-0.066193	0.034783	-0.044263	0.039523	-0.061337	0.041815	-0.074889	0.046134	-0.051765	0.048611	-0.083651	0.054089	-0.065747	0.054038	-0.077405	0.059385	-0.085241	0.055990	-0.094630	0.060333	-0.099894	0.065586	-0.092992	0.071147	-0.100639	0.070640	-0.100895	0.077352	-0.085035	0.070273	-0.116575	0.081876	-0.100913	0.095999	-0.098599	0.086731	-0.123335	0.093170	-0.118830	0.061760	-0.133226	0.061481	-0.134181	0.096361	-0.123635	0.060820	-0.133787	0.074070	-0.137053	0.083587	-0.146359	0.097150	-0.138601	0.088762	-0.149094	0.077938	-0.160933	0.097785	-0.156753	0.089884	-0.181688	0.064275	-0.174956	0.058175	-0.165122	0.047211	-0.176178	0.037257	-0.181839	0.018537	-0.181033	0.026263	-0.161266	0.004150	-0.184443	-0.014320	-0.182315	-0.005575	-0.171274	-0.041741	-0.187327	-0.029218	-0.176827	-0.047018	-0.180725	-0.059898	-0.194921	-0.062875	-0.178353	-0.027636	-0.166469	-0.074031	-0.176569	-0.050418	-0.166049	-0.094385	-0.182957	-0.088315	-0.179564	
0.008114	-0.122796	0.136138	0.018977	0.108954	-0.011862	-0.009109	-0.001728	0.058156	0.138012	-0.107814	-0.017667	-0.103312	-0.089882	-0.017562	-0.097476	0.041697	-0.154495	-0.077122	-0.119539	-0.069636	-0.062209	-0.107025	-0.015568	0.053204	-0.042995	-0.127613	0.152904	-0.154618	0.119231	-0.071834	0.232332	-0.191888	0.039686	-0.180925	0.239320	-0.238053	0.089453	-0.144763	0.338438	-0.249373	0.290698	-0.310052	0.324739	-0.310766	0.322944	-0.324496	0.394422	-0.441126	0.401324	-0.457712	0.336678	-0.406088	0.223286	-0.493544	0.472380	-0.489448	0.293980	-0.584859	0.460341	-0.633801	0.462013	-0.717160	0.384694	-0.626800	0.323102	-0.542288	0.275015	-0.458420	0.203158	-0.320887	0.156444	-0.375601	0.134535	-0.322873	0.152088	-0.375596	0.135948	-0.239649	0.087413	-0.277180	0.005721	-0.355366	0.022601	-0.284546	-0.041646	-0.194502	-0.093000	-0.148059	-0.168377	-0.047790	-0.201592	0.041051	-0.264863	0.041559	-0.263958	0.073100	-0.240436	-0.075723	-0.307915	-0.044098	-0.340018	0.135779	-0.224633	0.055675	-0.360990	0.139128	-0.323239	0.179157	-0.293851	0.191554	-0.375742	0.196893	-0.251590	0.223727	-0.348250	0.236702	-0.424975	0.261154	-0.294060	0.275179	-0.474580	0.306189	-0.373220	0.305905	-0.439219	0.336176	-0.483584	0.316951	-0.536737	0.341538	-0.566538	0.371281	-0.527462	0.402764	-0.570758	0.399892	-0.572204	0.437894	-0.482415	0.397816	-0.660975	0.463505	-0.572305	0.543463	-0.559207	0.490992	-0.699250	0.527443	-0.673745	0.349618	-0.755245	0.348042	-0.760652	0.545513	-0.700949	0.344298	-0.758422	0.419310	-0.776912	0.473191	-0.829598	0.549979	-0.785672	0.502490	-0.845079	0.441210	-0.912106	0.553574	-0.888443	0.508840	-1.029609	0.363857	-0.991497	0.329325	-0.935824	0.267250	-0.998412	0.210898	-1.030463	0.104917	-1.025897	0.148654	-0.913989	0.023464	-1.045206	-0.081103	-1.033160	-0.031593	-0.970648	-0.236344	-1.061534	-0.165447	-1.002086	-0.266217	-1.024156	-0.339139	-1.104527	-0.355993	-1.010726	-0.156490	-0.943446	-0.419152	-1.000625	-0.285464	-0.941072	-0.534379	-1.036790	-0.500016	-1.017586	
-0.000783	0.012969	-0.014152	-0.001780	-0.011862	0.001873	0.001005	0.000356	-0.006002	-0.014200	0.011288	0.002022	0.010821	0.009542	0.001886	0.010334	-0.004285	0.016270	0.008091	0.012635	0.007310	0.006666	0.011206	0.001804	-0.005481	0.004656	0.013353	-0.015750	0.016166	-0.012242	0.007540	-0.024027	0.020049	-0.003956	0.018907	-0.024755	0.024858	-0.009141	0.015139	-0.035081	0.026038	-0.030108	0.032360	-0.033654	0.032434	-0.033467	0.033865	-0.040914	0.046016	-0.041633	0.047744	-0.034898	0.042366	-0.023084	0.051478	-0.049037	0.051051	-0.030450	0.060992	-0.047782	0.066091	-0.047957	0.074776	-0.039901	0.065361	-0.033484	0.056556	-0.028474	0.047818	-0.020987	0.033489	-0.016120	0.039189	-0.013837	0.033696	-0.015666	0.039189	-0.013984	0.025025	-0.008928	0.028935	-0.000418	0.037080	-0.002175	0.029702	0.004517	0.020321	0.009866	0.015482	0.017718	0.005037	0.021177	-0.004217	0.027768	-0.004270	0.027673	-0.007555	0.025223	0.007947	0.032252	0.004653	0.035597	-0.014085	0.023577	-0.005740	0.037781	-0.014433	0.033849	-0.018603	0.030787	-0.019895	0.039318	-0.020451	0.026385	-0.023246	0.036454	-0.024597	0.044446	-0.027145	0.030809	-0.028605	0.049614	-0.031836	0.039055	-0.031806	0.045930	-0.034960	0.050552	-0.032957	0.056088	-0.035518	0.059193	-0.038616	0.055122	-0.041896	0.059632	-0.041597	0.059783	-0.045555	0.050430	-0.041380	0.069030	-0.048223	0.059793	-0.056552	0.058429	-0.051086	0.073017	-0.054883	0.070360	-0.036360	0.078850	-0.036196	0.079413	-0.056766	0.073194	-0.035806	0.079181	-0.043619	0.081107	-0.049232	0.086595	-0.057231	0.082019	-0.052284	0.088208	-0.045901	0.095190	-0.057605	0.092725	-0.052946	0.107430	-0.037843	0.103460	-0.034246	0.097660	-0.027780	0.104180	-0.021910	0.107519	-0.010870	0.107043	-0.015426	0.095386	-0.002385	0.109055	0.008508	0.107800	0.003350	0.101288	0.024679	0.110755	0.017294	0.104563	0.027791	0.106862	0.035387	0.115234	0.037142	0.105463	0.016361	0.098454	0.043722	0.104411	0.029796	0.098207	0.055725	0.108178	0.052145	0.106177	
-0.000468	0.010927	-0.011668	-0.001609	-0.009109	0.001005	0.001183	0.000237	-0.004873	-0.012081	0.009822	0.001631	0.009416	0.008034	0.001817	0.008690	-0.003468	0.013735	0.007089	0.010679	0.006441	0.005582	0.009753	0.001446	-0.004424	0.003854	0.011568	-0.013402	0.013948	-0.010434	0.006655	-0.020402	0.017233	-0.003425	0.016268	-0.021016	0.021301	-0.007810	0.013080	-0.029752	0.022299	-0.025545	0.027647	-0.028545	0.027709	-0.028386	0.028920	-0.034686	0.039198	-0.035294	0.040659	-0.029597	0.036110	-0.019604	0.043817	-0.041556	0.043456	-0.025834	0.051864	-0.040495	0.056178	-0.040642	0.063524	-0.033828	0.055561	-0.028400	0.048113	-0.024163	0.040722	-0.017830	0.028602	-0.013713	0.033423	-0.011783	0.028777	-0.013329	0.033423	-0.011907	0.021442	-0.007630	0.024748	-0.000433	0.031639	-0.001919	0.025395	0.003741	0.017479	0.008290	0.013397	0.014974	0.004510	0.017918	-0.003401	0.023559	-0.003447	0.023478	-0.006256	0.021383	0.006999	0.027391	0.004181	0.030251	-0.011838	0.019975	-0.004706	0.032118	-0.012136	0.028755	-0.015701	0.026138	-0.016805	0.033431	-0.017280	0.022375	-0.019670	0.030983	-0.020826	0.037816	-0.023003	0.026157	-0.024252	0.042233	-0.027014	0.033207	-0.026988	0.039084	-0.029684	0.043035	-0.027972	0.047768	-0.030161	0.050422	-0.032810	0.046942	-0.035614	0.050798	-0.035358	0.050927	-0.038742	0.042931	-0.035173	0.058832	-0.041023	0.050936	-0.048143	0.049769	-0.043471	0.062240	-0.046717	0.059969	-0.030881	0.067227	-0.030741	0.067708	-0.048326	0.062392	-0.030407	0.067510	-0.037087	0.069156	-0.041885	0.073848	-0.048723	0.069936	-0.044494	0.075227	-0.039037	0.081195	-0.049044	0.079088	-0.045060	0.091659	-0.032149	0.088265	-0.029074	0.083308	-0.023546	0.088881	-0.018528	0.091735	-0.009090	0.091329	-0.012985	0.081363	-0.001836	0.093048	0.007475	0.091976	0.003066	0.086409	0.021300	0.094502	0.014986	0.089208	0.023960	0.091174	0.030454	0.098331	0.031955	0.089978	0.014189	0.083986	0.037579	0.089078	0.025674	0.083775	0.047840	0.092299	0.044780	0.090589	
-0.000095	0.002428	-0.002225	-0.000136	-0.001728	0.000356	0.000237	0.000371	-0.000957	-0.002171	0.001970	0.000537	0.001889	0.001819	0.000365	0.001981	-0.000700	0.002985	0.001426	0.002346	0.001295	0.001339	0.001956	0.000501	-0.000900	0.001005	0.002300	-0.002431	0.002777	-0.001841	0.001328	-0.003823	0.003436	-0.000436	0.003242	-0.003945	0.004248	-0.001306	0.002607	-0.005688	0.004446	-0.004849	0.005513	-0.005448	0.005525	-0.005416	0.005767	-0.006673	0.007818	-0.006794	0.008110	-0.005658	0.007201	-0.003665	0.008740	-0.008044	0.008668	-0.004907	0.010345	-0.007832	0.011206	-0.007862	0.012672	-0.006502	0.011083	-0.005419	0.009597	-0.004573	0.008122	-0.003311	0.005705	-0.002489	0.006666	-0.002105	0.005740	-0.002412	0.006666	-0.002130	0.004275	-0.001268	0.004937	0.000173	0.006314	-0.000132	0.005062	0.001005	0.003476	0.001902	0.002667	0.003234	0.000896	0.003822	-0.000685	0.004948	-0.000694	0.004932	-0.001255	0.004513	0.001394	0.005714	0.000831	0.006286	-0.002371	0.004232	-0.000945	0.006659	-0.002431	0.005987	-0.003143	0.005464	-0.003364	0.006921	-0.003459	0.004712	-0.003937	0.006432	-0.004168	0.007798	-0.004603	0.005468	-0.004852	0.008681	-0.005404	0.006877	-0.005399	0.008051	-0.005938	0.008841	-0.005596	0.009787	-0.006034	0.010318	-0.006563	0.009622	-0.007123	0.010393	-0.007072	0.010419	-0.007749	0.008820	-0.007035	0.011999	-0.008205	0.010420	-0.009628	0.010187	-0.008694	0.012680	-0.009343	0.012226	-0.006177	0.013677	-0.006149	0.013773	-0.009664	0.012710	-0.006083	0.013733	-0.007418	0.014063	-0.008377	0.015000	-0.009744	0.014218	-0.008899	0.015276	-0.007808	0.016469	-0.009808	0.016048	-0.009012	0.018561	-0.006431	0.017882	-0.005816	0.016891	-0.004711	0.018005	-0.003708	0.018576	-0.001822	0.018495	-0.002600	0.016503	-0.000372	0.018838	0.001490	0.018624	0.000608	0.017511	0.004253	0.019129	0.002991	0.018071	0.004785	0.018464	0.006083	0.019894	0.006383	0.018225	0.002831	0.017027	0.007507	0.018045	0.005127	0.016985	0.009558	0.018688	0.008946	0.018347	
0.004470	-0.066592	0.073637	0.010273	0.058156	-0.006002	-0.004873	-0.000957	0.031801	0.074825	-0.058373	-0.009612	-0.055941	-0.048745	-0.009455	-0.052867	0.022679	-0.083775	-0.041746	-0.064818	-0.037683	-0.033748	-0.057945	-0.008474	0.028893	-0.023332	-0.069122	0.082840	-0.083757	0.064585	-0.038880	0.125914	-0.103954	0.021479	-0.098011	0.129711	-0.128985	0.048463	-0.078402	0.183445	-0.135119	0.157562	-0.168018	0.176015	-0.168405	0.175042	-0.175849	0.213795	-0.239081	0.217538	-0.248073	0.182490	-0.220086	0.121009	-0.267500	0.256061	-0.265279	0.159341	-0.317007	0.249534	-0.343541	0.250440	-0.388735	0.208521	-0.339745	0.175129	-0.293926	0.149058	-0.248458	0.110098	-0.173890	0.084773	-0.203555	0.072893	-0.174966	0.082411	-0.203553	0.073658	-0.129849	0.047355	-0.150189	0.003074	-0.192576	0.012217	-0.154178	-0.022600	-0.105372	-0.050438	-0.080200	-0.091301	-0.025841	-0.109307	0.022328	-0.143613	0.022604	-0.143122	0.039705	-0.130369	-0.040986	-0.166956	-0.023839	-0.184362	0.073689	-0.121800	0.030257	-0.195733	0.075505	-0.175264	0.097209	-0.159330	0.103931	-0.203732	0.106825	-0.136417	0.121375	-0.188825	0.128410	-0.230426	0.141667	-0.159444	0.149272	-0.257321	0.166085	-0.202364	0.165931	-0.238149	0.182344	-0.262203	0.171920	-0.291023	0.185251	-0.307181	0.201378	-0.285994	0.218448	-0.309469	0.216891	-0.310253	0.237495	-0.261569	0.215765	-0.358384	0.251382	-0.310308	0.294735	-0.303206	0.266285	-0.379137	0.286049	-0.365308	0.189632	-0.409497	0.188778	-0.412429	0.295846	-0.380058	0.186748	-0.411220	0.227419	-0.421245	0.256633	-0.449811	0.298268	-0.425995	0.272520	-0.458205	0.239293	-0.494547	0.300217	-0.481717	0.275963	-0.558257	0.197353	-0.537592	0.178630	-0.507407	0.144973	-0.541342	0.114419	-0.558720	0.056956	-0.556244	0.080671	-0.495568	0.012792	-0.566713	-0.043904	-0.560182	-0.017059	-0.526288	-0.128075	-0.575567	-0.089634	-0.543334	-0.144272	-0.555300	-0.183810	-0.598877	-0.192948	-0.548018	-0.084778	-0.511540	-0.227193	-0.542542	-0.154708	-0.510252	-0.289669	-0.562150	-0.271037	-0.551738	
0.010190	-0.158420	0.174957	0.024543	0.138012	-0.014200	-0.012081	-0.002171	0.074825	0.178274	-0.139449	-0.022757	-0.133637	-0.115961	-0.022968	-0.125745	0.053570	-0.199330	-0.099828	-0.154252	-0.090184	-0.080236	-0.138429	-0.020050	0.068310	-0.055427	-0.165029	0.197322	-0.199866	0.153870	-0.093047	0.299836	-0.247947	0.051256	-0.233800	0.308870	-0.307522	0.115480	-0.187130	0.436769	-0.322126	0.375162	-0.400431	0.419086	-0.401352	0.416769	-0.419069	0.509009	-0.569574	0.517917	-0.590977	0.434496	-0.524361	0.288164	-0.637216	0.609610	-0.631930	0.379397	-0.755052	0.594074	-0.818209	0.596231	-0.925778	0.496455	-0.809174	0.416975	-0.700116	0.354923	-0.591892	0.262192	-0.414408	0.201912	-0.485016	0.173637	-0.416971	0.196291	-0.485010	0.175460	-0.309581	0.112846	-0.358003	0.007436	-0.458890	0.029209	-0.367506	-0.053683	-0.251331	-0.119965	-0.191409	-0.217261	-0.061986	-0.260131	0.052725	-0.341833	0.053381	-0.340663	0.094107	-0.310291	-0.098055	-0.397419	-0.057221	-0.438872	0.175038	-0.289885	0.071608	-0.465951	0.179362	-0.417205	0.231049	-0.379260	0.247056	-0.484998	0.253948	-0.324692	0.288597	-0.449500	0.305351	-0.548568	0.336923	-0.379529	0.355032	-0.612619	0.395072	-0.481742	0.394706	-0.566960	0.433793	-0.624244	0.408968	-0.692876	0.440715	-0.731355	0.479120	-0.680900	0.519771	-0.736805	0.516063	-0.738672	0.565131	-0.622735	0.513382	-0.853293	0.598200	-0.738802	0.701442	-0.721889	0.633692	-0.902714	0.680757	-0.869781	0.451148	-0.975015	0.449114	-0.981996	0.704089	-0.904908	0.444280	-0.979118	0.541135	-1.002991	0.610707	-1.071020	0.709856	-1.014303	0.648538	-1.091009	0.569413	-1.177554	0.714498	-1.147001	0.656737	-1.329275	0.469534	-1.280064	0.424946	-1.208179	0.344795	-1.288994	0.272033	-1.330378	0.135189	-1.324483	0.191663	-1.179986	0.030017	-1.349414	-0.105001	-1.333860	-0.041073	-1.253144	-0.305449	-1.370497	-0.213906	-1.293737	-0.344021	-1.322234	-0.438178	-1.426009	-0.459940	-1.304893	-0.202341	-1.218021	-0.541492	-1.291851	-0.368873	-1.214955	-0.690274	-1.338547	-0.645904	-1.313751	
-0.007732	0.124675	-0.136829	-0.019039	-0.107814	0.011288	0.009822	0.001970	-0.058373	-0.139449	0.109875	0.018115	0.105256	0.091327	0.018324	0.099017	-0.041837	0.156807	0.078696	0.121421	0.071129	0.063278	0.109016	0.016006	-0.053342	0.043769	0.129883	-0.154541	0.157220	-0.120443	0.073402	-0.234966	0.194946	-0.039925	0.183850	-0.242044	0.241685	-0.090320	0.147234	-0.342394	0.253147	-0.294060	0.314581	-0.328523	0.315304	-0.326705	0.329204	-0.399073	0.447286	-0.406062	0.464079	-0.340612	0.411813	-0.225805	0.500356	-0.478002	0.496209	-0.297383	0.592807	-0.465813	0.642358	-0.467505	0.726754	-0.389224	0.635270	-0.326866	0.549706	-0.278182	0.464796	-0.205428	0.325549	-0.158133	0.380945	-0.135950	0.327559	-0.153724	0.380940	-0.137380	0.243302	-0.088257	0.281294	-0.005559	0.360448	-0.022635	0.288757	0.042396	0.197651	0.094472	0.150645	0.170901	0.048983	0.204575	-0.041162	0.268786	-0.041678	0.267867	-0.073683	0.243999	0.077328	0.312467	0.045238	0.345043	-0.137282	0.227962	-0.056004	0.366323	-0.140680	0.328016	-0.181298	0.298196	-0.193877	0.381291	-0.199294	0.255315	-0.226522	0.353395	-0.239688	0.431247	-0.264499	0.298408	-0.278730	0.481581	-0.310195	0.378732	-0.309907	0.445700	-0.340623	0.490717	-0.321115	0.544651	-0.346064	0.574889	-0.376244	0.535239	-0.408189	0.579172	-0.405275	0.580639	-0.443835	0.489530	-0.403169	0.670713	-0.469822	0.580741	-0.550954	0.567451	-0.497713	0.709551	-0.534699	0.683671	-0.354262	0.766368	-0.352663	0.771854	-0.553034	0.711275	-0.348865	0.769592	-0.424978	0.788353	-0.479650	0.841813	-0.557566	0.797242	-0.509380	0.857521	-0.447200	0.925533	-0.561214	0.901522	-0.515823	1.044761	-0.368711	1.006089	-0.333671	0.949599	-0.270685	1.013107	-0.213505	1.045628	-0.105968	1.040995	-0.150347	0.927443	-0.023318	1.060587	0.082785	1.048365	0.032547	0.984934	0.240306	1.077155	0.168367	1.016834	0.270617	1.039229	0.344610	1.120780	0.361711	1.025601	0.159279	0.957333	0.425799	1.015352	0.290147	0.954924	0.542718	1.052048	0.507851	1.032562	
-0.001264	0.020794	-0.022429	-0.002944	-0.017667	0.002022	0.001631	0.000537	-0.009612	-0.022757	0.018115	0.003312	0.017390	0.015276	0.003036	0.016561	-0.006899	0.026094	0.013008	0.020242	0.011752	0.010661	0.017998	0.002864	-0.008791	0.007435	0.021441	-0.025248	0.025949	-0.019622	0.012119	-0.038516	0.032167	-0.006346	0.030340	-0.039683	0.039877	-0.014659	0.024300	-0.056235	0.041769	-0.048262	0.051902	-0.053947	0.052021	-0.053647	0.054314	-0.065584	0.073791	-0.066736	0.076561	-0.055941	0.067940	-0.037004	0.082544	-0.078602	0.081860	-0.048811	0.097794	-0.076592	0.105967	-0.076871	0.119887	-0.063959	0.104797	-0.053674	0.090684	-0.045643	0.076679	-0.033643	0.053711	-0.025841	0.062849	-0.022182	0.054042	-0.025114	0.062848	-0.022417	0.040144	-0.014320	0.046407	-0.000687	0.059464	-0.003495	0.047635	0.007218	0.032620	0.015809	0.024875	0.028422	0.008098	0.033979	-0.006786	0.044581	-0.006871	0.044430	-0.012156	0.040489	0.012777	0.051793	0.007479	0.057172	-0.022656	0.037841	-0.009237	0.060685	-0.023217	0.054360	-0.029923	0.049437	-0.032000	0.063156	-0.032894	0.042357	-0.037390	0.058551	-0.039564	0.071404	-0.043660	0.049472	-0.046010	0.079715	-0.051205	0.062734	-0.051157	0.073791	-0.056228	0.081223	-0.053008	0.090128	-0.057127	0.095120	-0.062110	0.088574	-0.067384	0.095827	-0.066903	0.096069	-0.073269	0.081027	-0.066555	0.110941	-0.077560	0.096086	-0.090955	0.093892	-0.082165	0.117353	-0.088271	0.113080	-0.058480	0.126734	-0.058216	0.127640	-0.091298	0.117638	-0.057589	0.127266	-0.070156	0.130364	-0.079182	0.139190	-0.092047	0.131831	-0.084091	0.141784	-0.073825	0.153013	-0.092649	0.149049	-0.085155	0.172698	-0.060866	0.166313	-0.055081	0.156986	-0.044681	0.167472	-0.035241	0.172841	-0.017486	0.172076	-0.024813	0.153328	-0.003840	0.175311	0.013678	0.173293	0.005383	0.162820	0.039685	0.178046	0.027808	0.168087	0.044690	0.171784	0.056906	0.185249	0.059730	0.169534	0.026307	0.158263	0.070311	0.167842	0.047914	0.157865	0.089615	0.173901	0.083858	0.170684	
-0.007406	0.119503	-0.131112	-0.018241	-0.103312	0.010821	0.009416	0.001889	-0.055941	-0.133637	0.105256	0.017390	0.100973	0.087517	0.017568	0.094909	-0.040100	0.150304	0.075437	0.116388	0.068180	0.060657	0.104488	0.015352	-0.051121	0.041955	0.124495	-0.148106	0.150694	-0.115424	0.070353	-0.225190	0.186844	-0.038255	0.176213	-0.231973	0.231643	-0.086558	0.141120	-0.328151	0.242629	-0.281826	0.301509	-0.314856	0.302201	-0.313114	0.315523	-0.382473	0.428695	-0.389171	0.444790	-0.326442	0.394697	-0.216409	0.479558	-0.458119	0.475584	-0.285011	0.568166	-0.446437	0.615656	-0.448060	0.696543	-0.373033	0.608863	-0.313269	0.526857	-0.266608	0.445477	-0.196879	0.312019	-0.151552	0.365112	-0.130291	0.313946	-0.147326	0.365107	-0.131661	0.233194	-0.084581	0.269602	-0.005327	0.345465	-0.021689	0.276754	0.040630	0.189454	0.090553	0.144407	0.163820	0.046954	0.196103	-0.039455	0.257650	-0.039950	0.256769	-0.070628	0.233889	0.074128	0.299521	0.043369	0.330748	-0.131594	0.218517	-0.053680	0.351147	-0.134851	0.314426	-0.173787	0.285842	-0.185845	0.365495	-0.191037	0.244736	-0.217138	0.338754	-0.229758	0.413382	-0.253542	0.286045	-0.267184	0.461632	-0.297346	0.363042	-0.297070	0.427237	-0.326514	0.470390	-0.307814	0.522090	-0.331729	0.551076	-0.360660	0.513068	-0.391282	0.555181	-0.388488	0.556588	-0.425451	0.469252	-0.386469	0.642932	-0.450363	0.556686	-0.528135	0.543946	-0.477099	0.680161	-0.512553	0.655353	-0.339588	0.734626	-0.338055	0.739885	-0.530129	0.681814	-0.334414	0.737716	-0.407376	0.755700	-0.459784	0.806947	-0.534473	0.764222	-0.488283	0.822004	-0.428677	0.887199	-0.537970	0.864183	-0.494459	1.001491	-0.353438	0.964420	-0.319850	0.910269	-0.259472	0.971147	-0.204660	1.002322	-0.101575	0.997881	-0.144117	0.889031	-0.022348	1.016661	0.079361	1.004945	0.031203	0.944141	0.230359	1.032544	0.161399	0.974720	0.259415	0.996187	0.330344	1.074361	0.346737	0.983124	0.152687	0.917683	0.408170	0.973299	0.278136	0.915374	0.520248	1.008476	0.486824	0.989797	
-0.006575	0.104046	-0.114021	-0.015702	-0.089882	0.009542	0.008034	0.001819	-0.048745	-0.115961	0.091327	0.015276	0.087517	0.076409	0.015127	0.082668	-0.034982	0.130815	0.065422	0.101304	0.059109	0.052882	0.090659	0.013507	-0.044583	0.036650	0.108037	-0.128531	0.130805	-0.100131	0.060991	-0.195519	0.162227	-0.033064	0.152985	-0.201413	0.201156	-0.075043	0.122488	-0.284995	0.210703	-0.244738	0.261871	-0.273442	0.262473	-0.271928	0.274050	-0.332203	0.372400	-0.338024	0.386387	-0.283511	0.342855	-0.187888	0.416602	-0.397942	0.413149	-0.247505	0.493605	-0.387790	0.534876	-0.389200	0.605168	-0.324000	0.528972	-0.272062	0.457706	-0.231513	0.386984	-0.170916	0.271005	-0.131526	0.317145	-0.113050	0.272679	-0.127853	0.317140	-0.114241	0.202504	-0.073325	0.234148	-0.004443	0.300073	-0.018669	0.240367	0.035501	0.164491	0.078895	0.125332	0.142559	0.040656	0.170610	-0.034420	0.224086	-0.034850	0.223320	-0.061505	0.203441	0.064269	0.260465	0.037543	0.287598	-0.114476	0.190084	-0.046780	0.305321	-0.117306	0.273416	-0.151136	0.248580	-0.161613	0.317788	-0.166124	0.212865	-0.188803	0.294554	-0.199768	0.359396	-0.220433	0.248757	-0.232286	0.401318	-0.258493	0.315657	-0.258253	0.371434	-0.283836	0.408927	-0.267588	0.453848	-0.288367	0.479033	-0.313504	0.446009	-0.340110	0.482600	-0.337683	0.483822	-0.369799	0.407939	-0.335929	0.558844	-0.391443	0.483908	-0.459017	0.472838	-0.414674	0.591191	-0.445479	0.569636	-0.295195	0.638513	-0.293864	0.643083	-0.460750	0.592627	-0.290700	0.641198	-0.354094	0.656824	-0.399629	0.701350	-0.464524	0.664228	-0.424391	0.714433	-0.372602	0.771079	-0.467563	0.751081	-0.429757	0.870383	-0.307229	0.838174	-0.278046	0.791123	-0.225585	0.844018	-0.177961	0.871105	-0.088394	0.867246	-0.125358	0.772670	-0.019557	0.883564	0.068815	0.873384	0.026972	0.820554	0.200012	0.897364	0.140095	0.847123	0.225258	0.865775	0.286885	0.933698	0.301129	0.854425	0.132526	0.797565	0.354506	0.845888	0.241524	0.795559	0.451887	0.876452	0.422846	0.860222	
-0.001085	0.020613	-0.022369	-0.003100	-0.017562	0.001886	0.001817	0.000365	-0.009455	-0.022968	0.018324	0.003036	0.017568	0.015127	0.003288	0.016391	-0.006723	0.025910	0.013179	0.020107	0.011938	0.010497	0.018191	0.002685	-0.008607	0.007255	0.021636	-0.025459	0.026147	-0.019831	0.012313	-0.038733	0.032371	-0.006543	0.030541	-0.039902	0.040087	-0.014860	0.024498	-0.056464	0.041978	-0.048487	0.052117	-0.054174	0.052237	-0.053874	0.054531	-0.065818	0.074019	-0.066972	0.076791	-0.056169	0.068165	-0.037221	0.082778	-0.078845	0.082094	-0.049035	0.098037	-0.076833	0.106215	-0.077112	0.120144	-0.064192	0.105045	-0.053901	0.090923	-0.045866	0.076909	-0.033858	0.053927	-0.026053	0.063070	-0.022391	0.054259	-0.025325	0.063069	-0.022627	0.040353	-0.014520	0.046623	-0.000872	0.059687	-0.003690	0.047853	0.007042	0.032817	0.015633	0.025065	0.028248	0.008289	0.033804	-0.006603	0.044413	-0.006688	0.044260	-0.011976	0.040316	0.012976	0.051627	0.007676	0.057011	-0.022485	0.037666	-0.009053	0.060526	-0.023045	0.054198	-0.029757	0.049271	-0.031835	0.063000	-0.032730	0.042185	-0.037229	0.058391	-0.039405	0.071254	-0.043504	0.049305	-0.045856	0.079571	-0.051055	0.062577	-0.051007	0.073643	-0.056083	0.081081	-0.052859	0.089993	-0.056981	0.094989	-0.061968	0.088437	-0.067247	0.095696	-0.066765	0.095939	-0.073137	0.080885	-0.066417	0.110822	-0.077430	0.095956	-0.090836	0.093760	-0.082039	0.117239	-0.088150	0.112963	-0.058336	0.126628	-0.058072	0.127534	-0.091180	0.117524	-0.057444	0.127160	-0.070021	0.130260	-0.079054	0.139094	-0.091929	0.131729	-0.083967	0.141689	-0.073693	0.152927	-0.092531	0.148960	-0.085031	0.172627	-0.060724	0.166237	-0.054934	0.156903	-0.044526	0.167397	-0.035078	0.172771	-0.017310	0.172005	-0.024643	0.153242	-0.003653	0.175242	0.013878	0.173223	0.005578	0.162742	0.039906	0.177980	0.028019	0.168013	0.044915	0.171713	0.057141	0.185188	0.059966	0.169461	0.026518	0.158181	0.070556	0.167768	0.048142	0.157783	0.089875	0.173831	0.084113	0.170612	
-0.007144	0.112845	-0.123643	-0.017041	-0.097476	0.010334	0.008690	0.001981	-0.052867	-0.125745	0.099017	0.016561	0.094909	0.082668	0.016391	0.089815	-0.037941	0.141863	0.070926	0.109840	0.064077	0.057344	0.098292	0.014642	-0.048373	0.039760	0.117131	-0.139374	0.141823	-0.108576	0.066115	-0.212017	0.175901	-0.035839	0.165875	-0.218409	0.218118	-0.081365	0.132804	-0.309049	0.228468	-0.265392	0.283958	-0.296520	0.284611	-0.294878	0.297165	-0.360243	0.403820	-0.366555	0.418988	-0.307439	0.371780	-0.203742	0.451755	-0.431533	0.448010	-0.268393	0.535260	-0.420524	0.580015	-0.422053	0.656244	-0.351347	0.573613	-0.295024	0.496329	-0.251050	0.419636	-0.185337	0.293863	-0.142623	0.343898	-0.122585	0.295679	-0.138640	0.343893	-0.123877	0.219579	-0.079502	0.253899	-0.004796	0.325390	-0.020231	0.260641	0.038523	0.178340	0.085560	0.135877	0.154586	0.044059	0.185000	-0.037336	0.242970	-0.037801	0.242140	-0.066698	0.220590	0.069648	0.282411	0.040677	0.311824	-0.124123	0.206111	-0.050733	0.331038	-0.127190	0.296452	-0.163864	0.269527	-0.175222	0.344553	-0.180113	0.230809	-0.204697	0.319366	-0.216585	0.389659	-0.238987	0.269718	-0.251836	0.435106	-0.280246	0.342243	-0.279986	0.402709	-0.307720	0.443355	-0.290106	0.492052	-0.312632	0.519355	-0.339882	0.483555	-0.368726	0.523221	-0.366095	0.524546	-0.400911	0.442284	-0.364193	0.605875	-0.424375	0.524639	-0.497630	0.512638	-0.449558	0.640942	-0.482953	0.617575	-0.320035	0.692243	-0.318591	0.697196	-0.499508	0.642498	-0.315161	0.695154	-0.383885	0.712093	-0.433249	0.760363	-0.503600	0.720120	-0.460092	0.774546	-0.403949	0.835954	-0.506894	0.814275	-0.465910	0.943607	-0.333080	0.908690	-0.301443	0.857684	-0.244572	0.915026	-0.192944	0.944389	-0.095847	0.940207	-0.135918	0.837679	-0.021222	0.957896	0.074579	0.946860	0.029219	0.889588	0.216806	0.972856	0.151852	0.918391	0.244175	0.938611	0.310983	1.012245	0.326425	0.926307	0.143646	0.864667	0.384290	0.917053	0.261809	0.862492	0.489857	0.950186	0.458375	0.932592	
0.003291	-0.047809	0.052800	0.007371	0.041697	-0.004285	-0.003468	-0.000700	0.022679	0.053570	-0.041837	-0.006899	-0.040100	-0.034982	-0.006723	-0.037941	0.016532	-0.060170	-0.029912	-0.046520	-0.026995	-0.024212	-0.041530	-0.006083	0.020783	-0.016757	-0.049538	0.059361	-0.060027	0.046277	-0.027863	0.090223	-0.074503	0.015379	-0.070246	0.092938	-0.092439	0.034718	-0.056196	0.131445	-0.096837	0.112898	-0.120410	0.126122	-0.120688	0.125425	-0.126021	0.153194	-0.171332	0.155876	-0.177776	0.130761	-0.157720	0.086707	-0.191696	0.183481	-0.190105	0.114173	-0.227172	0.178803	-0.246186	0.179453	-0.278570	0.149415	-0.243466	0.125487	-0.210633	0.106805	-0.178051	0.078888	-0.124619	0.060740	-0.145876	0.052228	-0.125390	0.059048	-0.145874	0.052777	-0.093059	0.033926	-0.107638	0.002193	-0.138011	0.008746	-0.110502	-0.016208	-0.075555	-0.036207	-0.057545	-0.065585	-0.018478	-0.078528	0.016237	-0.103260	0.016436	-0.102905	0.028763	-0.093712	-0.029399	-0.120080	-0.017044	-0.132628	0.053260	-0.087533	0.021952	-0.140824	0.054567	-0.126071	0.070210	-0.114586	0.075056	-0.146589	0.077142	-0.098070	0.087629	-0.135845	0.092700	-0.165830	0.102256	-0.114667	0.107737	-0.185216	0.119856	-0.145604	0.119745	-0.171397	0.131575	-0.188735	0.124062	-0.209508	0.133671	-0.221155	0.145295	-0.205883	0.157599	-0.222804	0.156476	-0.223369	0.171328	-0.188278	0.155665	-0.258062	0.181337	-0.223409	0.212585	-0.218290	0.192079	-0.273020	0.206325	-0.263052	0.136829	-0.294903	0.136213	-0.297016	0.213386	-0.273684	0.134750	-0.296145	0.164065	-0.303371	0.185122	-0.323961	0.215132	-0.306795	0.196573	-0.330011	0.172624	-0.356206	0.216537	-0.346959	0.199055	-0.402128	0.142393	-0.387233	0.128898	-0.365476	0.104638	-0.389936	0.082615	-0.402462	0.041197	-0.400677	0.058290	-0.356942	0.009364	-0.408223	-0.031502	-0.403516	-0.012153	-0.379085	-0.092172	-0.414605	-0.064464	-0.391372	-0.103847	-0.399997	-0.132345	-0.431407	-0.138932	-0.394748	-0.060964	-0.368455	-0.163615	-0.390801	-0.111369	-0.367527	-0.208648	-0.404934	-0.195218	-0.397429	
-0.011371	0.178601	-0.195950	-0.027113	-0.154495	0.016270	0.013735	0.002985	-0.083775	-0.199330	0.156807	0.026094	0.150304	0.130815	0.025910	0.141863	-0.060170	0.224732	0.112315	0.173853	0.101463	0.090679	0.155660	0.023055	-0.076653	0.062832	0.185504	-0.220921	0.224614	-0.172138	0.104696	-0.335984	0.278591	-0.056933	0.262712	-0.346108	0.345458	-0.129043	0.210328	-0.489676	0.361854	-0.420526	0.449746	-0.469831	0.450780	-0.467231	0.470665	-0.570764	0.639600	-0.580762	0.663625	-0.487126	0.588850	-0.322877	0.715525	-0.683683	0.709593	-0.425280	0.847791	-0.666245	0.918681	-0.668667	1.039422	-0.556674	0.908540	-0.467461	0.786128	-0.397810	0.664650	-0.293724	0.465435	-0.226066	0.544688	-0.194328	0.468311	-0.219757	0.544680	-0.196374	0.347772	-0.126093	0.402130	-0.007770	0.515367	-0.032211	0.412811	0.060843	0.282480	0.135382	0.215236	0.244758	0.069751	0.292959	-0.059234	0.384827	-0.059972	0.383512	-0.105765	0.349361	0.110307	0.447331	0.064391	0.493941	-0.196766	0.326416	-0.080467	0.524390	-0.201629	0.469579	-0.259746	0.426912	-0.277745	0.545807	-0.285495	0.365555	-0.324455	0.505892	-0.343293	0.617287	-0.378795	0.427215	-0.399156	0.689307	-0.444179	0.542146	-0.443767	0.637968	-0.487717	0.702379	-0.459804	0.779551	-0.495501	0.822817	-0.538685	0.766084	-0.584393	0.828945	-0.580224	0.831045	-0.635397	0.700682	-0.577210	0.959928	-0.672581	0.831191	-0.788669	0.812174	-0.712489	1.015498	-0.765410	0.978468	-0.507232	1.096795	-0.504944	1.104645	-0.791645	1.017965	-0.499509	1.101408	-0.608416	1.128252	-0.686644	1.204746	-0.798130	1.140972	-0.729183	1.227222	-0.640212	1.324536	-0.803349	1.290181	-0.738402	1.495135	-0.527906	1.439801	-0.477770	1.358971	-0.387645	1.449842	-0.305830	1.496375	-0.151959	1.489746	-0.215460	1.327270	-0.033700	1.517779	0.118117	1.500291	0.046235	1.409531	0.343507	1.541486	0.240573	1.455175	0.386878	1.487218	0.492750	1.603906	0.517220	1.467719	0.227569	1.370038	0.608919	1.453054	0.414822	1.366591	0.776214	1.505561	0.726323	1.477680	
-0.005482	0.089301	-0.097893	-0.013616	-0.077122	0.008091	0.007089	0.001426	-0.041746	-0.099828	0.078696	0.013008	0.075437	0.065422	0.013179	0.070926	-0.029912	0.112315	0.056499	0.086914	0.050995	0.045336	0.078122	0.011486	-0.038141	0.031358	0.093067	-0.110637	0.112641	-0.086220	0.052616	-0.168230	0.139652	-0.028563	0.131707	-0.173298	0.173122	-0.064653	0.105488	-0.245156	0.181329	-0.210545	0.225320	-0.235223	0.225838	-0.233921	0.235791	-0.285741	0.320346	-0.290746	0.332371	-0.243879	0.294945	-0.161669	0.358348	-0.342260	0.355379	-0.212924	0.424549	-0.333532	0.460031	-0.334744	0.520464	-0.278689	0.454955	-0.234036	0.393686	-0.199175	0.332884	-0.147078	0.233173	-0.113213	0.272841	-0.097327	0.234612	-0.110055	0.272837	-0.098351	0.174280	-0.063176	0.201482	-0.003962	0.258162	-0.016187	0.206824	0.030374	0.141599	0.067671	0.107952	0.122414	0.035139	0.146537	-0.029432	0.192528	-0.029801	0.191869	-0.052726	0.174772	0.055445	0.223817	0.032460	0.247152	-0.098284	0.163285	-0.040060	0.262395	-0.100717	0.234956	-0.129812	0.213596	-0.138823	0.273117	-0.142703	0.182879	-0.162207	0.253135	-0.171638	0.308902	-0.189411	0.213747	-0.199605	0.344957	-0.222144	0.271285	-0.221938	0.319255	-0.243940	0.351501	-0.229966	0.390135	-0.247837	0.411796	-0.269456	0.383394	-0.292339	0.414863	-0.290251	0.415915	-0.317873	0.350652	-0.288743	0.480437	-0.336488	0.415988	-0.394604	0.406467	-0.356467	0.508257	-0.382961	0.489718	-0.253710	0.548956	-0.252565	0.552886	-0.396095	0.509492	-0.249844	0.551266	-0.304365	0.564704	-0.343528	0.602999	-0.399341	0.571072	-0.364824	0.614251	-0.320283	0.662969	-0.401954	0.645770	-0.369440	0.748375	-0.264060	0.720673	-0.238960	0.680208	-0.193842	0.725700	-0.152883	0.748996	-0.075851	0.745677	-0.107642	0.664338	-0.016648	0.759711	0.059356	0.750956	0.023370	0.705520	0.172192	0.771580	0.120660	0.728370	0.193904	0.744412	0.246907	0.802829	0.259157	0.734650	0.114150	0.685748	0.305064	0.727308	0.207894	0.684023	0.388816	0.753595	0.363839	0.739637	
-0.008747	0.138263	-0.151641	-0.020939	-0.119539	0.012635	0.010679	0.002346	-0.064818	-0.154252	0.121421	0.020242	0.116388	0.101304	0.020107	0.109840	-0.046520	0.173853	0.086914	0.134916	0.078584	0.070239	0.120534	0.017888	-0.059279	0.048655	0.143641	-0.170965	0.173912	-0.133204	0.081088	-0.260030	0.215687	-0.044035	0.203400	-0.267868	0.267449	-0.099848	0.162852	-0.378996	0.280140	-0.325470	0.348173	-0.363635	0.348973	-0.361622	0.364366	-0.441762	0.495129	-0.449501	0.513725	-0.377022	0.455846	-0.249885	0.553898	-0.529167	0.549307	-0.329150	0.656279	-0.515669	0.711152	-0.517543	0.804611	-0.430855	0.703302	-0.361800	0.608549	-0.307887	0.514520	-0.227319	0.360317	-0.174948	0.421663	-0.150381	0.362543	-0.170065	0.421657	-0.151965	0.269240	-0.097564	0.311312	-0.005982	0.398965	-0.024896	0.319578	0.047123	0.218702	0.104817	0.166644	0.189472	0.054050	0.226769	-0.045774	0.297873	-0.046346	0.296854	-0.081789	0.270421	0.085450	0.346246	0.049914	0.382323	-0.152222	0.252661	-0.062207	0.405890	-0.155985	0.363468	-0.200967	0.330443	-0.214898	0.422466	-0.220897	0.282954	-0.251051	0.391573	-0.265632	0.477791	-0.293109	0.330678	-0.308869	0.533534	-0.343716	0.419633	-0.343397	0.493798	-0.377414	0.543652	-0.355810	0.603382	-0.383439	0.636870	-0.416863	0.592959	-0.452240	0.641612	-0.449013	0.643237	-0.491717	0.542338	-0.446681	0.742991	-0.520497	0.643351	-0.610348	0.628632	-0.551385	0.786002	-0.592346	0.757341	-0.392519	0.848925	-0.390748	0.855001	-0.612651	0.787911	-0.386541	0.852496	-0.470834	0.873273	-0.531381	0.932478	-0.617670	0.883118	-0.564306	0.949874	-0.495443	1.025194	-0.621710	0.998604	-0.571442	1.157236	-0.408520	1.114408	-0.369715	1.051847	-0.299960	1.122180	-0.236635	1.158196	-0.117541	1.153065	-0.166690	1.027310	-0.026010	1.174763	0.091495	1.161226	0.035859	1.090980	0.265944	1.193111	0.186274	1.126308	0.299513	1.151109	0.381457	1.241424	0.400396	1.136017	0.176210	1.060412	0.471370	1.124666	0.321142	1.057744	0.600855	1.165306	0.562240	1.143726	
